3578
9478
6070
6744
3897
9181
4557
-54
7388
7210
3429
1861
1864
6683
5607
8185
9914
7524
9641
1262
4670
9425
8444
5515
4668
7413
8367
9915
2565
7753
6512
6884
2805
8533
1874
6613
4150
4685
936
8910
6567
2266
7388
6439
8603
4392
9563
8532
7502
681
1385
1581
4032
2826
4083
9238
8405
3563
6125
6924
9243
2096
3931
9289
7298
3170
7399
5447
7617
2618
1532
3637
922
1624
3617
6108
394
6747
9667
1997
4964
379
3013
4189
5559
2755
6026
7497
1631
3881
7771
8295
771
675
8884
7340
5540
1966
2856
2184
778
3486
6235
7400
8681
8546
7524
8622
8739
7806
1507
6388
7948
753
4688
9918
4583
654
3531
2817
-38
1569
9663
3204
6335
1973
986
4378
1579
69
9911
7369
5397
6688
5247
6415
7692
146
8000
2672
9890
1413
2829
9879
1888
733
4040
2636
1059
3140
3285
832
6382
7371
295
9806
5350
4072
2283
7251
9758
8361
8058
4568
1389
591
686
3957
8088
8376
196
4205
5493
229
5033
525
4077
4787
2969
4688
286
395
8616
7285
983
7154
3787
9145
7323
1837
9372
5911
1895
4987
4386
7505
4477
4715
8766
9839
1295
9599
1915
803
7167
7879
2101
2006
9920
2361
8099
9234
6962
5289
941
2538
5470
190
7902
1587
5902
8229
3173
1407
3116
3064
7717
5216
9541
7045
1900
8985
4439
9259
7243
315
646
8070
8855
4245
6551
9556
9577
7365
2451
5530
7304
2707
3144
6508
8459
1964
2636
1236
2301
5455
4049
9739
7477
206
7472
1793
1112
6647
4773
5849
9466
211
5803
3625
4367
3546
8876
3829
5413
1764
362
1251
979
8968
8047
2932
3121
1450
461
2154
8225
9170
3225
7282
4179
6215
2658
9701
2508
601
2663
1631
1295
2920
8105
9013
6122
5583
9058
3715
5788
299
7942
4725
1547
3573
3487
3449
7588
8988
5619
2546
6034
2247
-33
6537
9218
5526
5878
3499
2519
3904
2784
2516
7645
2807
9855
3805
1749
3497
2450
3711
2188
287
9363
2154
1320
4940
6007
4317
6465
2124
5839
4024
6374
733
9950
9996
9638
4384
9756
1609
7635
2056
7117
2695
2155
3689
8000
9086
7007
4995
9157
2441
6973
9858
8048
3957
44
504
2791
8179
8989
4602
1352
2831
7090
5012
5814
8099
270
3095
2833
8896
5328
5945
3921
3068
335
4135
3920
4833
6959
5533
6524
5356
8809
8671
4748
2262
6321
100
9969
742
4473
1068
3800
9384
5809
4502
2101
2037
8678
4680
3176
6480
2409
1735
415
2726
1155
7151
2426
1303
4320
5430
1752
2000
8114
3580
3358
8437
9030
9174
4781
6005
5838
7649
4221
6685
9791
838
8702
7605
7843
1049
3632
5080
5063
4424
1497
9624
4902
9125
953
7677
8146
7
8283
4092
4929
9672
7435
9256
6451
8756
6887
3109
2118
8975
8983
8698
9763
7371
2192
407
4515
405
4361
374
728
4872
7612
1661
5342
746
4157
5824
5183
2715
1682
492
8696
9185
3517
3245
3568
1092
5826
1253
5545
2581
83
5454
9648
5714
3824
7136
9368
7080
1621
4465
1595
5306
8757
6030
9408
8612
1284
6200
3195
8101
7027
5994
7414
6270
4666
3817
5227
4043
5753
1025
4839
3792
7236
9060
3661
6804
9260
9081
6023
9418
7666
2581
6145
450
1833
5365
9733
8811
8169
4348
8896
7977
7647
7484
3749
2409
1028
9173
2157
9871
2092
864
5388
124
2939
9368
4163
8430
8476
3873
5635
6395
1221
2658
1474
2951
173
2226
1150
113
1162
6803
9951
5566
955
2938
4418
7465
2732
1524
1048
8352
7672
6861
4563
5408
3034
5754
9136
2671
4668
8799
4530
5565
7999
6089
5623
5961
9518
4040
2329
1687
823
9516
2840
7437
5350
9677
4416
8744
1895
9327
1341
5976
6908
5727
2138
9728
7589
8419
2674
5905
1226
4476
1271
4275
9129
4849
4236
7435
2088
352
2270
6194
9436
4992
2312
4200
-33
6322
7492
4164
-59
5474
3636
3607
7742
6927
4220
4366
5203
1485
7675
3063
6132
5433
1449
2582
6223
963
7027
6504
1237
2910
883
3238
7203
3749
7520
6361
6784
8753
291
838
5754
1922
8385
8879
4281
2772
6500
3277
7956
7534
1954
9841
2667
4743
7894
1898
294
7089
7120
7586
2083
1652
6683
1762
752
3541
7714
9686
8212
7236
8173
7783
6138
6461
7867
6078
2409
6936
9367
9813
1846
2554
3884
9647
7509
7049
6841
8781
524
1957
4547
5701
2131
2447
5562
1216
5694
8581
1767
1266
973
2532
3930
1939
8238
7682
9436
1208
5791
901
6998
6415
7138
1073
3372
3692
1101
9541
245
1666
7977
6228
2266
7557
6475
6848
5958
3418
609
1394
276
6852
2180
1220
9206
5969
7625
6518
9756
3440
1114
8575
1432
5666
1767
3280
7713
2845
9591
6458
974
4921
1844
8245
5072
9905
3266
6872
8772
8318
5538
3722
2042
130
4735
925
4882
4366
853
2434
3977
4570
2040
2992
4457
5081
9644
3485
2670
4909
1629
7999
9893
9930
4904
2238
3704
9285
2536
4810
8379
8655
2148
4369
4871
2565
8440
3082
3705
7452
7429
3869
9630
1526
5960
6948
8385
1223
9512
3221
5141
2315
6629
861
2098
6137
7409
729
428
4790
7609
1662
8871
2003
3174
1839
7773
6619
8033
5699
2889
549
259
5688
4025
8470
4590
3540
7638
350
1958
6733
4091
5901
2746
4942
4059
1781
5540
2532
9234
9591
2833
7684
4444
8951
7942
3911
2729
235
6099
1425
3777
9206
7481
9170
4477
3296
4225
5231
5351
513
7145
9086
237
2904
7240
8272
2905
7230
2114
7955
3056
9706
2198
7119
8916
2425
9918
7395
7082
1321
7351
6637
3886
8434
2796
4585
5562
7831
3796
6726
3649
468
3187
1047
4125
6123
4116
3181
5193
2068
8813
7617
18
7685
1153
1238
3023
4983
2236
2218
8332
7252
3579
5732
3870
8097
9955
6071
7634
9047
370
5442
1021
2351
7722
3971
1479
809
3807
8420
9825
7761
9365
3827
6297
9610
4951
4577
512
3436
7536
236
743
889
9994
5278
2986
8905
1532
5465
1215
1036
5892
3648
9061
1422
1750
6766
6670
3437
5779
8542
2
5078
3836
8387
3604
4588
2379
5609
3207
5828
4540
3723
5984
792
3046
5835
9362
562
3357
7828
2593
952
6972
952
3236
7895
9472
9754
1237
7223
1271
9908
7348
4835
4566
1433
299
3297
3918
2459
9731
652
1005
8465
591
7615
5545
5324
3252
6251
1846
4991
1247
2242
8898
3908
9699
588
9970
3105
8176
6353
4430
4585
9611
1540
1055
3250
5671
6667
7612
3261
1434
4810
7570
4166
8517
2661
4486
1978
1581
66
4173
4440
4759
1318
8581
9917
2634
3751
3840
7902
8656
6116
4499
1314
3963
6021
9519
3015
5839
391
1522
6019
8637
6508
8530
1014
436
5145
6772
5237
4203
554
3471
6925
7916
1625
7515
972
1096
4036
9642
1580
5974
8810
772
6520
3570
4856
8569
4327
6748
6373
2674
62
9993
4660
6443
2447
39
1688
2708
3330
1383
7465
6382
1543
2390
1258
3106
5588
877
7444
8663
9566
7393
1678
984
8691
3605
8210
92
4709
1960
1333
4721
5576
6472
9207
9024
-52
2045
2499
6853
5293
2905
1742
6025
9281
8464
8791
3091
9477
7358
1917
3873
1697
4010
9550
2938
4949
127
5313
924
5857
5553
3607
1543
9677
4343
8003
8227
6920
4584
7198
7425
6903
9008
204
9161
7689
4383
5304
73
505
9576
8275
8193
2709
1797
3622
8585
9196
9729
9556
556
8953
5884
5269
961
6491
2232
5439
2318
696
5037
6631
7165
5023
9076
1413
1032
5359
1215
1908
1279
4428
392
8149
8060
2598
8722
2560
6886
8902
7949
9397
3869
4487
7038
7099
7433
7689
7189
8180
3154
1768
8884
2550
1596
8305
6209
32
2616
1966
5224
9421
9452
8324
6086
3032
6710
423
2957
1717
7081
2544
8507
2317
4563
4357
7256
6348
1577
298
1474
5035
2397
6224
7760
3529
2947
8180
2640
8887
4798
5680
9991
6782
3926
932
5084
1079
5450
4558
3192
7856
9164
5591
249
8277
1202
4994
1904
5944
4480
655
7655
5611
6224
9728
3694
6840
6284
4053
8571
9576
3644
8176
4630
9656
991
3944
1072
9801
9720
2216
5141
9283
1810
6391
708
1413
2725
7926
6538
3438
2542
3250
5930
1399
3399
9612
1481
175
3940
6285
9569
9523
2289
858
7903
9483
1743
8655
2978
1289
214
9097
6799
2012
7970
4752
2391
9969
3123
9116
2468
4886
1395
5741
7325
8772
4998
6777
1799
6903
6744
4738
5
2639
4853
5475
7362
3510
4959
1547
6167
5339
819
9204
9394
2663
1366
6326
1328
834
3166
319
9896
5001
896
1577
3973
9371
1294
113
5577
5695
9500
6419
9799
9222
5908
5119
2459
6444
3639
3879
1840
1682
3316
8598
4503
3988
6351
8224
5354
6536
4824
6330
2935
402
8382
2540
8516
4142
7087
2910
923
9282
4606
8995
4741
5771
5883
7239
3598
7058
4297
6073
4467
3383
7898
4472
1291
9820
9141
-49
8138
7732
6762
2566
4398
7650
9605
3645
8790
558
14
6628
7972
8027
8155
2974
984
8830
3044
8001
5099
1791
1818
5413
3077
2998
6421
3840
3012
6376
5836
3788
3692
6198
2893
1982
5062
5529
4653
5481
9005
8208
7070
1485
8632
6278
5415
1759
5404
5459
5608
6209
-3
594
2242
8151
5926
8967
2336
8943
4477
9697
2527
9631
739
9666
4158
4197
6156
7256
2218
9011
4479
1237
5535
8326
7162
4762
8698
-48
4146
3025
956
4661
3207
7952
1380
3845
7769
3821
7611
4295
5724
8118
1255
8855
4403
9897
8250
44
132
227
8995
235
1784
4089
7775
6632
5324
2915
955
2806
756
5428
3256
6955
3387
113
825
4492
844
2958
1250
2587
1266
5679
7437
327
7133
9954
7579
6637
4999
7533
866
1087
7290
8849
1836
7290
4731
6939
5914
8936
7908
5346
4816
9676
3756
3715
5177
7656
5543
878
8486
1301
8516
2527
2080
6084
2977
1318
5206
7443
8699
5044
7336
1829
2883
7397
2440
1366
1139
9430
1481
6115
6492
6715
6577
7666
4133
9835
1528
6783
866
2068
239
2826
2055
5740
2989
5284
6309
7789
9900
3689
5216
3853
2623
8427
9590
2420
4846
7865
5282
4197
9160
2803
313
4989
2521
3211
1756
1681
746
8052
7369
5233
1218
3123
9101
4067
5405
4724
7336
8038
820
6045
7467
6526
7354
404
8905
3140
5444
563
7548
1310
362
5995
2143
9348
1295
8294
2817
4417
4008
7059
3419
9575
8166
7164
2240
1139
2477
7887
654
5419
9847
8330
9819
7735
3489
4802
4596
3750
6694
6343
7965
9715
3499
505
4875
5298
597
9406
9092
9996
6512
5775
4539
1801
4421
9572
3232
1835
1952
2677
4679
7370
610
311
3022
8493
4078
4236
5787
3080
21
2532
7441
8324
2874
723
2651
-5
3360
5762
417
9276
8787
7007
2257
1927
8462
4386
8299
7709
9954
955
5662
2982
827
5411
6528
7870
6837
7896
1608
9471
6979
2973
9127
988
-45
3489
9004
8350
6558
82
8280
9568
5637
2092
5615
4034
3698
3785
1124
5353
1568
7140
8475
8152
3745
9439
8264
428
2952
6978
9979
4976
6484
237
2149
6782
5305
4024
9333
982
4920
5119
6428
6707
3265
9816
3140
6393
4869
1431
488
3559
717
282
9614
9895
3546
6268
7176
9017
7080
1045
5591
8832
6489
2658
6621
5105
960
5303
6536
2029
5435
9209
4812
161
9070
9623
408
6852
7921
4078
7165
5221
5299
8098
7611
8997
9830
9517
749
3451
491
7811
340
6582
9322
5260
2522
8735
3242
1128
656
2177
7670
6206
6601
-49
8927
8409
9504
1220
9941
2417
9617
7135
5376
17
8813
957
1909
6219
5696
783
7662
7839
2091
1389
7974
4805
-39
7917
8949
259
9870
88
7610
6365
5633
2042
8680
5117
3044
7210
9248
6927
2880
7452
5405
2596
7425
3034
4678
3225
221
9390
6354
3793
5427
5777
1466
6745
5414
-35
6269
4434
7806
6391
3506
55
4262
4118
3875
4057
8360
8789
4296
5395
7574
5916
9167
4918
3294
6216
2984
3350
6393
8795
8034
5341
8411
1831
6130
6379
545
2959
5427
7422
3241
6193
2412
7123
6117
6653
6813
9561
8046
3642
7397
4405
8013
9535
5139
3776
1658
5217
3270
8558
9100
5063
599
9961
1851
-11
2930
6505
5338
2426
6563
5861
2496
9157
5175
7965
9543
7144
5728
9131
7229
8001
605
6152
8176
9071
1515
5533
4421
9407
9034
4108
9530
9789
8076
2401
7710
4403
3682
1138
5787
552
5621
9485
9508
7224
7510
3354
2996
2216
8225
1001
2361
4688
3125
4086
967
9474
1077
5359
6358
5882
9565
6081
3518
1757
5738
2027
5811
1955
5985
8095
2756
5524
3960
9964
1785
3389
5229
7821
6483
7360
3623
2851
9872
8393
599
2344
474
1018
5994
9708
2333
8629
5426
5177
6091
8276
2906
7501
4817
5464
2469
5841
9919
9629
9761
8408
5687
269
608
9886
8369
6490
1870
5665
1664
7743
7094
3760
6837
7737
9805
4281
619
3454
6245
3073
2010
5287
4868
1265
4000
8275
3281
9966
3315
4701
2473
8882
7320
4962
1177
2050
2317
1857
9485
6051
5147
4052
5136
8542
2186
745
1712
9203
8765
2929
5865
-17
3223
147
7087
1125
5813
4251
5270
1639
4298
403
26
1910
1250
650
610
1094
4491
2321
7434
263
8864
5636
1980
7867
5963
1809
5958
1423
7194
376
1868
1667
8001
8847
4624
5013
394
1618
6428
4138
300
3690
326
8687
5968
9486
5037
3405
7747
6295
3661
5228
4573
8811
5221
1885
13
3669
9513
9249
8840
1900
3771
1119
7836
659
6439
5378
2422
4651
2312
5641
393
8422
4377
9359
5540
9800
5095
909
4383
8241
1835
8173
7771
261
1314
4863
1924
2702
9985
6779
137
6017
6620
6811
3419
5951
5491
9915
4029
5157
3352
2898
2007
9710
3546
4060
7561
4709
2134
6246
9588
7680
4397
4872
4455
7279
7739
7488
2517
6528
7290
4763
1935
6008
9977
3161
8882
5022
6158
7656
455
69
5297
8358
3371
1925
3345
2614
2505
8649
7398
6892
2536
833
4559
9069
7483
6192
1302
4096
1529
6774
1094
4385
6187
4741
5326
3824
9834
8648
1208
7656
3739
433
6920
6434
573
1183
1664
6251
6921
9456
1906
4363
5531
7353
3204
4066
8774
6297
5942
5469
7039
4335
521
6510
9241
5375
1386
1085
6537
49
755
8225
9060
4020
9707
1238
1384
7822
7693
1211
9592
2660
6123
4624
4581
7446
8732
3440
7976
903
6833
1988
4396
3307
5479
4991
3073
330
5514
9823
1030
6186
8015
9247
5878
8512
877
9087
9443
5906
1262
2640
7680
733
3515
2483
7814
3317
4241
9294
5506
1211
7152
6672
7125
3404
5976
6200
371
4186
626
8172
3054
8480
4305
-35
9449
8444
6620
3876
6699
5167
4772
3936
8026
4516
921
5751
4969
6844
8259
1356
5133
8105
6543
747
1466
863
1007
405
5598
5584
968
3797
5784
1206
4108
5586
3704
5851
2546
9109
7045
9440
8344
2869
428
8834
8713
2183
808
9920
4657
467
932
8006
5136
44
5098
1873
9346
3184
7909
5373
3293
2801
2609
1851
8248
786
4014
9914
558
4628
5639
9998
2790
57
6775
6171
327
3646
3781
2453
2371
88
6223
3835
7539
5512
6027
8895
9095
8027
235
3887
8828
7862
7964
4225
953
5728
5076
5024
2489
1855
9619
9448
5686
8084
9465
6571
4379
3898
2404
556
1471
9980
2385
4270
826
5970
49
2944
8587
1373
1514
1408
5937
245
4216
8042
4006
3981
2165
4072
6502
9358
9782
7855
5591
8866
5300
2659
7953
8999
7778
3966
4278
1138
2387
3202
5753
6990
1717
7468
837
9865
7444
647
9904
2520
1991
3867
2278
6942
6249
5013
4831
2164
9044
1053
3945
1394
5420
15
9128
7115
7945
3657
9245
5458
1556
8648
932
3691
6372
2763
2453
8461
6461
3999
5312
2832
4972
448
3843
5286
4855
7441
409
1979
446
8219
2310
1437
3967
1426
8251
7471
8957
4136
3022
2201
9291
9257
8587
3182
2825
7932
6328
7198
4688
7669
5760
8023
710
6591
9875
9169
2863
9814
6102
2562
8600
1052
-11
3825
6131
6888
406
584
3245
1947
9713
-48
1139
6521
6719
1291
1405
1446
4588
9058
4310
4672
3453
8014
3845
3
6585
2744
2725
1191
7006
1469
172
6180
4436
2661
2532
4160
998
8866
529
917
4108
2098
7430
778
1460
1094
7772
7523
7403
8664
6949
602
3810
1250
35
8082
4401
7153
5825
3910
8014
4063
4065
77
1447
2523
7944
6115
3353
7419
6070
8961
13
2538
6242
8434
6347
6337
3311
9775
9138
3490
9344
3432
3049
6618
1382
4176
8518
8278
7886
5627
7399
7074
111
1702
2766
4540
3889
1954
3919
1006
1788
4228
6138
1026
4809
8934
9585
6575
2628
4913
4866
6746
1808
4914
3542
705
4880
1570
302
9595
7767
3347
8932
7045
6379
3604
2456
8301
9187
2992
2002
2120
6091
9312
3268
4653
7332
1899
8658
4091
1834
3951
587
2982
2239
3695
9147
7417
3407
9040
2439
4133
7556
1376
4473
6784
2914
3705
6675
5865
1103
9545
7612
6478
9866
938
4088
9156
9158
1504
2777
9606
1695
8058
5397
9799
8275
8950
7991
57
3139
3904
5251
2086
4864
8333
5919
2742
5195
6795
9785
8655
7885
3661
5843
1330
5112
4413
2026
9251
437
1063
6394
9689
850
8456
9211
154
9153
3613
8641
4062
717
9658
4543
8301
5755
1012
5829
2288
4301
1860
6135
8340
4739
6581
6968
1976
5393
6765
6799
4510
2617
1597
9645
5712
4863
399
5361
2764
7275
9624
1460
524
4608
2554
646
2247
4418
5863
6506
7540
4340
2583
7347
714
378
8358
1039
8194
2590
8259
7660
3030
2595
1960
7270
8282
2167
2651
703
6640
4722
2658
4739
8676
1668
3787
6512
8832
4251
1255
8994
5748
5783
8210
8543
5728
3950
2983
8296
9900
4479
2576
5881
5025
2069
9512
2469
1768
4386
9977
4547
3103
2465
3659
3520
6157
9829
9265
2156
1272
1761
4738
2005
9835
5957
8352
9049
7843
698
7087
5038
5977
8245
1164
1851
258
3082
5101
5859
4151
2229
7362
4292
9695
5495
7429
5795
3651
7142
8872
1280
4312
9310
3841
5827
5114
1598
6763
4866
6107
9250
4543
1289
3435
4097
8898
6392
241
1167
2231
8684
5309
4127
6280
1509
2366
4920
3040
6828
7917
268
4158
5282
6315
3694
3663
7744
5983
185
2990
8854
7392
4143
1330
7818
9137
92
9941
1646
5286
1771
5558
9430
5570
4311
8853
3282
8255
4917
882
3907
6925
1642
1558
2196
7327
7464
2999
1550
9118
6864
2739
4339
8595
9560
3296
716
5794
47
9901
5001
6143
5069
6716
3887
8429
7157
5627
2234
3185
6891
3050
9934
5100
9193
5985
1333
156
8615
5146
6652
3026
9573
4603
5021
1470
9113
4065
3727
2894
1497
921
6451
8710
9396
6566
15
5990
4700
6810
3910
659
5698
1149
9760
2556
934
9755
2701
1132
126
8047
9659
1605
6110
2273
3609
3845
9015
2088
3327
5182
3873
5912
1802
2311
7848
1513
1018
4820
6693
2786
4635
2347
3936
9784
9177
7156
6566
7296
5523
1241
2531
4193
7851
2406
849
4717
8073
8026
778
5623
3432
7488
1345
1341
8733
2058
2398
7536
1873
8980
1553
7290
9261
5022
9985
3041
4475
5681
7772
6252
5688
1000
2345
2421
5316
5466
3916
6569
6976
9146
720
4177
5954
856
31
9691
4442
486
3231
2274
8568
2519
5170
2903
6122
8007
2017
8921
1951
4924
5672
6848
159
6043
3261
2238
322
9640
2261
1144
2968
46
774
5560
5626
1677
8303
3783
6140
-59
5002
2128
9390
2299
526
9719
7954
8579
874
6112
8036
6153
8076
2628
816
2288
3349
9659
1302
1696
6110
7418
4349
9278
9237
5108
2561
1499
3418
9209
8873
9652
3147
1015
1488
27
6794
6944
4001
5662
6062
6472
2096
9446
570
4951
9646
4558
6105
2171
3539
167
8913
1028
9598
7623
5916
7482
4279
3291
457
6160
3962
3148
5492
5245
-44
4834
9453
8452
1720
936
534
2194
7903
3233
4344
4334
-5
7550
6003
1148
6916
7335
7748
8039
9112
101
2236
5298
4673
3050
-38
8219
7179
9640
9665
4049
8059
1715
3178
8604
9039
1665
8588
7109
2833
5348
7642
3314
9230
5628
8076
6756
6529
7104
9293
478
8895
4811
422
7120
3755
2584
7377
9373
5854
5892
5780
4364
9049
3166
8117
4252
354
5300
1365
9260
4844
9710
6662
2479
9999
9761
7332
1752
2366
6612
1127
7332
7925
2272
2396
2795
4856
2888
391
8519
5229
5875
1342
6020
2291
3613
5294
4905
7514
4726
7348
8395
1148
9131
2970
1278
7163
1483
8324
1993
521
3439
9272
310
4706
5928
2173
2772
5145
6568
7385
6193
9611
186
9854
5001
1576
2370
5746
2134
1324
3558
2753
5209
5722
6201
7091
5321
1990
9132
1218
5341
1055
7776
8707
4956
2431
6351
9388
7517
6884
5689
3860
5833
8040
7935
5461
6759
9728
521
3876
6088
7138
4240
1026
6223
6656
3011
7695
1525
2686
5727
1645
5301
3538
2002
5197
4556
2630
2174
674
4225
8136
9132
4507
9025
3352
1187
2414
2150
5514
8999
8358
8312
123
5395
8199
2245
9233
4032
398
1753
6666
6613
6720
1216
1177
4684
9847
5547
5349
6071
2114
9519
3903
7718
6065
8066
6649
2559
2290
778
875
2715
7557
8608
2584
8275
5656
2398
3782
6863
1192
997
6671
658
2442
6076
3959
3907
6128
7678
1281
7778
3568
3640
8761
220
971
8588
4888
4141
9214
4083
6394
2274
4902
167
2796
6662
8161
9773
5636
3740
443
7044
5990
6967
7370
2040
5039
1917
2688
8095
47
252
2460
6889
6364
6580
424
8211
5976
4458
2568
3928
2375
1002
1474
7900
6984
4339
2861
7979
8023
3220
4477
4547
6125
1541
6549
8848
4154
9091
1318
4839
4865
109
3895
1057
3781
3638
4564
7595
4476
3064
4533
6408
7818
7248
7738
3403
4088
6433
9085
978
6634
8921
6270
9926
3600
2984
3359
180
9724
5067
5279
6960
8392
5769
8923
8478
4351
4766
6030
647
9397
3806
5842
8597
754
7403
7980
4809
563
4136
8963
9711
9356
2669
9798
7424
3807
7085
7693
6256
9231
2551
3478
839
93
2973
3281
4978
7925
7231
8665
5521
2974
2615
1609
198
7073
8258
4494
1428
3131
6895
7484
7978
293
8972
8078
337
5882
9009
4018
6412
9340
7012
9904
9347
1794
5660
3797
140
4139
4192
5368
7402
6409
1437
4961
319
982
4165
3451
7420
8242
9051
602
6633
6674
3600
6662
8089
7193
9480
9851
4159
7847
9494
2731
6383
7551
7370
9672
2911
862
4917
7066
3689
6495
2569
-12
173
2889
7271
1010
4815
2451
3345
7009
6873
6648
2125
2242
192
3333
2373
3358
3429
7525
1513
9942
4018
1862
928
4659
884
8070
9548
9624
7898
5052
9371
9521
9122
2737
1274
7550
4531
5647
7
9041
4184
3332
5082
9506
4064
552
2612
5657
2612
3002
6810
5109
8000
8491
8089
5501
5736
2107
5873
4590
8912
5036
5339
3711
9531
6109
859
844
6023
5543
2551
2882
8721
3920
3943
2274
8985
6387
1219
6893
8944
998
129
2387
6137
6006
4622
8921
8345
4898
5207
2774
8014
646
704
4976
5126
7723
8327
9125
6318
7923
5265
8533
2180
2785
3435
6492
4608
2962
2318
6008
9927
1173
5597
4475
8321
2736
7999
4705
5530
4698
931
498
1188
1431
3082
4863
1172
7040
1236
3869
103
6043
328
1823
7273
8356
6179
8549
2364
8490
2827
2779
854
2452
8483
1515
4016
7466
3075
1715
8030
5835
5024
259
8881
6804
6373
4911
7717
7673
7197
8516
1577
9499
7890
1766
2546
2608
3724
6744
4521
4400
9290
5690
2429
5715
2498
1623
5293
8814
8487
1376
5843
6967
1179
2157
6131
9116
113
6760
7240
6512
3515
6737
8799
6949
8538
2611
8294
3709
4476
2183
8674
9956
5452
6896
6036
9873
8618
7552
862
2831
9104
47
687
8046
7261
6534
9389
4049
7721
7780
1810
969
2585
3990
2384
4828
9537
4548
5906
3316
7034
5213
1924
4040
4842
9626
3177
2727
8166
5543
313
3184
6534
277
6294
4478
5322
7341
8025
4466
3543
9104
3745
7119
6744
9997
6222
6281
4856
7975
5328
1369
5912
7914
9695
7094
2411
879
9899
9952
8955
8181
3612
9079
1159
220
1536
3323
1564
5790
6657
9404
2097
8581
2635
9901
531
6157
3299
6571
3138
1570
3506
2927
7393
9270
2941
1255
5720
6270
6052
2965
8104
7457
6556
8771
6354
2887
7034
1728
3945
3693
9216
5864
4123
3645
3194
9045
7332
6037
3300
1075
8353
7853
5031
1892
2164
4148
1853
6183
9039
8152
7290
6611
7448
9730
3747
9295
186
8505
9225
9570
24
7950
6926
7646
9604
3556
1919
556
8131
4076
2768
8729
6380
1844
1094
5784
6204
5093
8791
3063
5976
5022
8298
840
9626
2909
8619
3243
4226
1503
8567
4286
2127
989
3482
7242
3842
7655
3069
1550
5666
4259
2947
2217
3110
8319
1620
4767
1195
9744
7441
9275
9385
1049
8189
6413
9906
8833
1836
807
5453
2319
9303
7992
4484
8041
8498
9501
4540
7237
3850
4389
2413
3306
3162
4766
6895
805
8397
8111
6134
5780
6655
2110
1626
1177
8848
7361
2842
6062
4368
6776
8824
7905
2943
5863
6207
2036
2484
2887
72
9585
2549
4139
4836
3717
5099
7762
6462
1889
6539
8353
2433
4569
3850
3575
976
3824
1498
1529
3936
8331
5182
7303
2649
6789
1781
9742
9053
7678
7766
2299
5727
6966
9601
3556
2396
4626
5697
2087
5051
271
6482
3625
7166
5422
3432
2626
4637
6273
4706
9898
9135
5938
6180
5872
6050
6461
8693
9597
7546
1093
6795
7893
3716
1377
1296
1563
2624
2931
9548
1592
2440
4398
6193
7248
9106
5942
6614
734
8723
7364
1023
1664
1619
4895
9563
5655
7370
8515
3635
6664
6092
8325
7084
1116
432
4516
2738
930
5601
4955
5929
9644
8952
2611
9772
5068
2318
6695
1883
2480
2954
8466
2257
8692
2509
269
6443
7710
4070
6748
6784
6836
8170
2173
301
8823
4480
4153
5477
8996
2161
-26
2039
8966
7244
7915
6441
3631
3308
8601
5043
5712
1360
7152
2086
5078
8463
1341
3607
2737
165
9614
-53
3123
6212
6812
2645
5053
4540
991
9869
1210
3314
2706
7053
8211
562
2824
7522
1567
3754
5992
6886
2680
8741
79
5754
2229
1622
9140
8537
5702
3993
7489
5252
358
1447
3731
9918
5155
9190
708
5068
4192
3834
6822
7880
9758
6941
283
588
2840
9618
2026
7361
1697
7258
2361
6513
1842
9855
8780
4015
9012
3298
6130
9803
1058
9577
8622
1123
3477
3282
725
4174
4700
8337
4736
2463
1122
6457
3077
7037
558
3687
5967
7788
9383
1299
1487
325
8
7596
5036
9156
3848
4076
8142
7818
4531
2095
2531
445
4138
4847
655
3705
4730
6909
6375
5449
5161
8134
5086
9817
7259
115
3281
9747
8124
1053
1226
3546
8105
12
6977
3455
992
8434
7987
6550
5041
5880
2235
8389
9162
789
9411
9037
4331
9968
3086
1033
5591
5468
1435
7374
1378
6003
9488
5678
1857
5006
5132
8293
7385
4412
4073
5882
5386
7399
4753
3233
1507
5285
8307
590
4593
3698
1569
1523
3932
5137
374
3741
4024
4451
812
5792
7686
4422
5606
2241
-32
9085
6807
7443
5164
3101
2804
727
1245
3723
2976
4759
6226
9133
7881
8764
8896
5033
7741
6555
9583
6496
1401
9286
5648
5385
5582
1546
8272
3064
4508
8712
8733
6298
7702
7778
7889
4562
2165
3061
6455
1082
8846
9022
528
3154
6686
2689
4266
4644
5274
2698
9041
8460
8260
6248
6123
9549
5739
7687
4246
493
4231
8971
5979
8185
7566
9554
5406
2266
5881
8561
7578
8159
6531
2627
2440
5457
4394
7726
4919
7612
4104
7649
9923
5908
2290
6948
5985
4281
6901
8269
36
6004
-10
8830
4053
552
775
5440
7149
4550
8076
4120
1537
3507
3138
1817
8646
887
4042
6382
3311
6162
9140
8356
8528
3637
8738
2310
2094
1645
5233
8406
9828
8030
8024
2767
75
2099
939
1924
7433
9034
4237
4417
2865
4873
2714
7370
4762
3801
6455
2427
5712
3074
6379
8729
3286
7698
4220
7423
7020
6508
8662
9235
111
846
8832
6781
7033
1636
3556
1841
4938
7841
4778
1941
10
5358
7381
8191
3518
7740
3473
6838
2111
3929
6053
2732
8960
2264
2441
27
8125
4300
5184
5725
-21
6372
-7
7313
1508
2411
4828
-31
9156
7006
7281
3324
7967
530
5984
4620
4250
5384
4859
8570
1645
2754
9974
235
1520
8986
5488
3593
7478
9637
6232
592
8371
51
8804
1589
6677
7473
3986
3303
7271
5674
409
1159
4213
8000
795
8556
6687
5044
8863
-20
7180
3279
8403
4025
2275
7955
3410
9837
3123
8945
2994
5834
4609
9559
8619
8497
1519
1100
7332
6601
8021
8954
5259
979
6888
9076
9648
2022
9002
4940
5617
7033
7621
9815
6755
602
4810
1624
8246
8629
5873
7954
6090
712
2375
9168
1642
4862
5142
2293
7380
7576
8733
7110
7596
7237
7919
9123
7067
6467
4994
532
4218
9839
569
5876
4303
8146
7837
6355
5046
4461
6127
4214
6827
9869
3205
2115
1857
4524
2138
329
8136
9238
459
5886
4429
8697
986
5671
5314
4589
7928
1605
4798
2175
8698
8220
1758
3640
5484
6479
2420
4260
4162
7996
7880
19
6882
7269
3952
5216
2251
260
9321
91
1748
748
6491
4188
9509
9473
2603
7358
1707
9154
3721
3798
4192
9115
7697
2992
9182
6715
3868
3638
8661
3340
3638
700
8142
472
4662
304
1967
7846
8241
2783
1682
2594
7250
2660
7613
1712
1725
804
6132
4732
4874
4434
9658
9238
4411
3385
1399
-38
6461
2809
8390
8195
6692
3465
7847
6759
7111
2387
2775
24
9062
7900
316
568
2219
1027
4342
3926
7732
5885
178
251
3988
5159
6755
5938
3263
6692
8078
106
4082
8048
5065
4414
1444
9266
2153
7358
1364
9610
7212
923
7513
6172
4109
462
6042
2603
1756
8383
2962
1259
8302
5201
7843
8785
1847
2264
656
6108
4312
9169
7786
4153
1680
779
-26
4539
3473
8202
117
7601
8930
110
3391
3705
8560
7604
7894
1247
6716
1259
1447
6126
9675
1854
5614
8017
4895
5036
1306
27
7661
1283
344
7609
6249
6424
2553
9071
-55
6284
4522
8555
5090
7095
1157
3455
3375
9695
7042
5694
6983
499
6142
8196
5259
9166
4962
2805
7048
5320
3331
5961
2608
1929
86
1178
6566
7638
2895
8574
5521
5339
4047
7032
8720
280
1091
4915
598
2142
7184
7381
3809
4432
8428
3201
9999
822
7095
3429
1545
6964
2238
6111
8966
1805
4938
2310
320
8298
7966
4256
8621
9844
4975
4800
1489
8285
4
4595
7709
7713
4424
2721
7299
7747
6670
655
7547
4653
8238
4155
1232
2468
3630
23
5765
31
5115
9200
4615
7378
6409
7146
5165
167
4179
7879
4329
2741
3599
2080
1451
3888
9868
2490
3739
4210
6636
4476
8642
4607
1994
7503
4400
5397
598
9606
7158
917
3714
7514
4096
5905
5293
9277
3013
9733
1070
2771
4318
759
1044
7022
4755
8763
4112
4358
6333
9938
3931
2287
9659
7639
7457
2630
9130
6758
4033
5880
2684
9690
5617
6236
7522
1129
9177
1781
9534
9577
7241
7916
484
1816
3834
2186
8059
3270
1996
8643
315
5069
2571
6417
7865
7401
7918
5616
8492
4373
765
8824
6233
753
3959
4037
7367
5328
1204
1200
3259
3058
2989
5382
2256
6361
4113
5579
5846
1602
6409
7192
9339
8387
653
4710
6781
4701
9644
934
6549
8835
4163
6561
4143
2680
7708
4879
256
5742
4304
7243
6776
394
15
1197
6743
9194
2385
1825
8533
2718
1867
5367
770
5810
4514
2507
1005
2525
8257
5129
5377
2119
9956
3112
8546
1478
1364
6895
9579
3226
9019
4949
2576
859
4890
9550
4098
-25
7688
5593
8174
5016
9721
4515
8522
5409
2340
3593
5622
1614
1229
2844
7800
3599
8509
8179
6639
2451
3421
6193
4759
5026
6745
2178
3712
5106
2635
7131
6399
9636
1071
1048
3525
7718
5009
3546
2677
1269
909
9095
3381
4618
4656
9093
1922
414
7005
4008
3084
5538
288
9232
1277
6239
2961
6430
7567
9309
8923
4307
8989
6841
368
4702
107
8231
-46
9418
6816
642
794
5309
6063
239
5620
6198
1116
4753
7928
7617
2915
2341
7575
5114
7787
7904
5727
9057
8245
6905
3884
4435
1833
7718
8055
1076
8474
930
8462
8047
6286
7323
7535
6222
5707
7707
3773
8358
1476
8143
2490
3578
1541
3007
6472
5541
2113
8386
3680
5048
3176
8286
5973
448
204
4210
8125
6206
2375
3567
7505
619
938
9863
6501
2828
5745
5604
9559
1191
9025
3852
4672
430
-33
6747
603
9411
3049
1171
8914
5037
6205
2512
3382
5428
4932
1370
2149
2070
7675
3413
7353
8404
3133
4439
1024
6985
5191
5270
516
2075
6897
8091
8315
311
1846
3916
3332
6876
4026
4571
1850
9945
4349
6114
4769
9684
9046
3460
560
7913
5441
9143
4646
1676
3476
9353
7983
5517
7547
3587
6913
4760
1160
8006
5735
2215
1659
7158
7001
548
8017
9653
339
4292
1617
754
4583
9076
2078
5400
5845
2236
9925
5137
1578
3577
62
9872
4354
7524
2693
6592
9607
9590
1761
9340
6715
3838
8298
7318
712
5650
8694
157
4552
1112
3025
1902
490
179
7810
9147
4765
6909
1259
9434
7843
9505
5733
4200
6740
2106
1176
8909
6930
2683
2924
179
1983
4956
6177
4489
8312
-7
6994
4313
5924
3367
3090
4013
4646
2708
7913
2131
5630
8551
3763
5606
7210
602
9008
9140
407
2173
4375
8305
1087
9073
5069
9328
9911
8544
7470
7162
8720
2603
8964
1865
4855
1914
1823
1547
8189
5651
8962
7916
8351
7690
8628
7526
8702
1095
7236
3269
3287
2989
9962
-33
8627
2554
37
6057
9246
1962
3305
9615
3314
3163
464
9465
9287
6551
2631
4870
2373
4060
437
6716
8900
4811
7793
1004
8291
7102
5151
8251
5508
3210
519
2306
4702
9651
4834
4255
2834
4879
9149
6878
2620
2030
4654
1140
7521
8984
2356
6787
1122
2923
2134
1639
515
7630
3027
9406
6924
1587
8389
4576
7003
9984
8986
-41
6643
393
6126
2887
2606
3725
9877
878
4331
5983
7156
295
1295
5322
4849
6801
7661
8075
9164
225
2904
195
6878
625
773
368
7874
3552
1735
4073
8041
590
4201
3479
829
4136
8678
1993
106
4962
6607
3546
1743
3788
5736
6006
1018
7967
1251
8693
4135
7225
5741
6316
8859
6642
9136
4040
2478
880
3858
1952
8062
7177
2508
9311
7737
1471
6600
4154
9349
15
9278
4122
9526
2639
45
4503
8398
8024
2815
683
2723
1980
8609
8668
5790
2972
5912
103
5314
2871
3836
1365
4811
6993
668
319
3425
5958
5700
1309
3491
6743
-50
218
8594
446
9137
2533
6857
145
6164
8378
2825
4672
1469
661
2298
1317
6169
7792
1826
1887
6376
3560
1531
8685
-54
3229
2818
9889
3391
8124
1219
4795
2120
8629
9690
1243
4883
262
1770
7993
6856
2730
30
9028
936
6857
2240
4693
9668
1451
7916
8857
3570
9181
4538
7160
8875
8981
3902
4269
2136
30
1103
3088
5312
8515
599
8192
7132
724
2571
8037
4434
5592
6757
1337
4676
4954
9872
9244
352
2594
8514
6013
425
7152
1041
597
5639
7791
841
1156
4217
6987
2690
1917
4451
157
7072
4098
1327
1926
4721
182
6540
9493
9643
8328
5501
2185
5578
8895
3228
4788
5841
9215
6187
8166
101
7317
7711
317
6186
6932
83
6195
196
2036
2570
7300
8963
2516
9032
2718
5452
6059
3189
4218
60
7817
122
1399
3375
5535
380
4560
698
6895
791
3230
8002
2068
9262
8552
9037
5781
8010
196
1770
9491
1825
7771
4812
2046
5884
7693
2181
3564
9332
1322
4460
6233
6515
4812
5685
275
9680
3061
1558
7254
6773
4634
7685
2553
5883
4039
481
3403
9883
9345
6031
-8
5039
9303
5434
7877
6723
75
9196
3097
8229
3990
3411
7208
8845
8819
9972
4239
2813
619
7773
1795
4269
9357
918
5722
9991
993
9161
2092
9852
1775
7733
9043
4961
8367
349
9328
546
9791
5334
1837
3847
7825
2466
7023
4146
635
3256
7785
3806
5964
3199
-19
2888
5188
6962
1570
8124
3615
9362
8962
4593
104
6176
3824
6282
9615
311
6054
7689
4001
4344
6825
8064
1251
151
3792
9735
7273
4621
3371
4224
1554
3322
9198
8901
4265
6734
1465
-20
7481
7034
3317
328
8286
9260
9437
1877
2117
720
205
7248
7012
8123
4175
8573
8543
7449
2804
1101
3611
1731
1023
8611
7284
194
8647
6802
1722
6108
4498
9811
4661
8750
7443
1565
3013
4315
46
9183
949
9914
9644
2367
1129
4757
9021
6043
2178
6755
6979
8320
4634
7271
9434
2982
1673
9407
9439
159
1644
2473
4113
950
3325
6123
1555
4416
624
7329
1864
6081
6108
5118
3753
9580
117
1733
934
6736
5201
5532
9260
6696
1129
6288
5738
9528
5474
603
7625
3129
5997
6391
4576
4303
9047
5330
5459
47
936
553
3152
1691
6399
4970
2229
524
8956
6876
86
1887
6184
2465
3032
5959
2922
5367
7325
7520
5798
8849
1917
4207
4503
8703
7114
2073
646
3325
5701
521
7278
9838
6717
7953
7457
5765
5869
9311
6243
7779
7726
9954
3613
7984
5356
3054
3779
9752
4729
4559
6344
9034
5055
6306
-53
4732
6618
8176
3862
3220
6577
5239
5917
4646
7554
1592
3407
4600
3084
9863
7319
2261
2477
5201
1332
6554
4512
3245
5463
7330
1816
6084
198
5705
333
3835
8064
4751
4921
156
8101
655
9102
2225
9183
2867
911
3404
3439
9807
1463
2995
9391
6729
7239
4951
2901
2782
9417
9581
7073
8665
1870
1974
6962
6670
5542
470
11
4416
3876
1635
3197
4043
8056
3697
2302
1933
8420
273
1815
9012
2965
1267
4678
5172
5977
3958
2368
7352
2041
1452
2582
9427
3233
2810
9707
5245
9977
660
4749
8586
2886
4055
9625
5275
3465
766
3583
822
6540
3557
2085
6164
9051
9946
4260
5115
1821
4974
5337
8613
3756
3270
2056
6408
1520
5027
4702
3050
3327
3851
5089
3450
5315
7099
4024
6438
5946
1490
323
1521
351
2321
3720
8860
8167
9910
8546
6756
9601
4521
1821
6353
8376
5346
1284
5167
762
4592
5327
9852
1957
4756
1415
343
1908
5384
6863
6233
6651
7329
1447
5181
2703
8801
5996
5823
1212
2348
5953
9348
743
5473
8408
2497
1190
387
9467
840
7826
3593
7375
8447
7249
8490
1157
6346
3417
4859
4927
4697
6460
2599
3667
1343
4866
4961
3017
3543
7210
2135
1793
7593
919
4621
7964
1811
1482
7622
5713
973
9140
118
855
5445
3115
9327
8655
1215
2394
8954
738
7929
9193
4568
3097
9636
2106
9604
8937
1346
7165
8828
8064
2183
8160
1818
7902
6095
5646
8137
861
9486
5188
8573
6840
3795
4934
3854
8049
2775
9247
265
770
5018
4183
2824
545
5305
3648
349
1672
8815
1336
4330
4562
9363
4995
6389
6886
1718
9369
2387
2977
5618
3113
108
2525
6362
7099
91
9497
8988
2545
305
919
2089
9634
3760
1695
460
5640
1742
9303
1479
3511
2659
3275
728
6789
8176
8025
5592
2633
6057
7422
7359
1272
9620
6778
2678
804
7097
4652
2353
9596
4128
-27
3980
6518
9491
2666
2790
6162
4369
6580
1990
9740
823
125
3373
5369
4620
5272
6350
5941
8812
1564
1479
4279
9556
7101
8567
1941
5549
8793
9104
7728
7806
9943
3931
6472
2955
1309
1972
2622
6610
2006
8359
7685
774
5387
3913
3489
1808
6531
5368
5841
123
648
7183
4838
8969
3205
5772
5529
6875
8782
4627
8421
9559
753
8495
7064
8020
3442
7378
6795
7678
2787
7476
2258
5976
4961
7333
6603
4059
6458
740
1511
4547
1481
5214
2280
6528
578
9937
220
1151
9359
3394
8816
431
7565
5297
8483
8191
8522
9144
8315
7330
5566
6779
7076
5324
9983
2678
2593
6008
3665
8411
6704
258
98
8036
2521
3291
7874
2974
4337
1207
6213
5849
4367
4802
762
4380
6922
6638
6586
7067
9685
5746
5328
7485
325
2543
1236
4233
9129
90
5733
1417
4889
2939
4077
1192
1738
2990
1019
2981
2595
7840
1177
3143
357
2545
2354
6755
3954
6938
9001
5116
8477
9982
4457
684
6352
1607
585
8449
7770
9123
8833
1715
2773
6418
4869
5821
7489
7108
9409
306
7203
9276
2459
6793
9041
7674
7286
8006
7723
5658
8008
8824
4536
5813
2286
2209
7607
3802
579
4396
2938
6285
8165
9850
6667
1453
3265
8648
9630
7779
7093
1644
711
724
2593
6228
2752
1498
8929
8661
4568
5427
7447
7385
7254
5145
2255
826
5355
6973
6630
6391
2446
4920
6896
619
2745
822
1514
9437
333
537
7147
4886
3716
7694
5152
6324
2486
6706
4823
9231
1606
3521
559
8848
8312
4610
9852
3837
8614
3181
8148
822
6025
1671
4588
8543
5557
247
7970
3303
3720
59
4135
2006
3774
5009
6680
2501
8110
3518
4246
1889
7747
9665
1406
2033
3253
1208
2292
27
73
9027
6823
5494
4253
5812
5287
6360
8434
3548
6200
535
41
5009
-39
4569
7939
8272
2829
902
3139
9719
4593
9383
4
5913
3151
2982
4758
2053
3138
5408
2063
1167
2883
2790
511
8758
9627
1454
690
9097
2928
9306
6733
3312
5413
6101
1146
9035
3390
2082
5486
8173
3050
636
1776
3641
9370
6162
7088
3914
8730
1881
8110
3359
319
6307
5947
3791
7885
8637
8523
3065
1403
3617
5236
3249
3011
3894
6522
3855
8812
2309
3852
36
95
3331
7796
6554
2350
6099
7582
3144
6320
3236
323
6050
3110
2968
423
1105
2970
1115
5936
1411
3960
9036
8605
3201
9508
7538
9291
652
3923
1541
4355
4948
9576
9422
1821
3656
2696
1673
5205
2681
8948
1250
4416
8311
3441
7185
7091
7962
8396
955
7755
5443
3502
3174
1172
5962
4696
2100
5400
4960
7738
4626
1844
5163
3670
8753
5771
9412
3967
2441
8583
3817
4084
5225
1468
7193
8968
1794
9013
1613
8958
9778
3422
2175
4337
7554
6141
6825
5206
2720
664
2202
265
9382
7860
1778
4261
2317
1207
1413
9477
4383
8091
1843
6659
7162
6994
7281
5583
3813
6528
4427
5218
4351
8383
1534
1556
9002
881
2431
691
9311
2279
6988
1766
6466
1282
8415
9607
3561
6353
5801
4452
4996
6717
982
5443
9481
8866
4957
3629
2019
7633
8669
1449
4344
9246
1884
3126
8621
1807
8651
9188
2787
7002
860
2236
7481
2911
1933
8866
8022
7374
8715
4391
2927
4862
2050
223
8633
443
9448
6219
2985
1182
9327
258
6812
7225
7411
3297
9564
5446
5123
7575
5944
6264
9195
3815
4981
5533
1592
1459
8263
7981
2516
653
9902
6871
5933
3231
8791
2828
1308
9253
211
9134
4164
9218
5488
9619
9516
818
6611
6632
3103
4242
9644
4626
7489
7683
1679
7858
2705
9761
4292
7590
2380
6731
1963
6071
3265
3633
9928
5694
3908
4510
8374
4865
5252
5745
8951
3641
6762
3886
9792
7948
9374
6521
8037
8256
9929
6340
3918
611
6490
461
9539
2296
4512
3521
9062
7261
2135
5650
8684
3718
212
3328
1198
5177
9922
1475
8344
7186
8298
2179
8929
4235
9832
7998
65
2357
291
725
6001
4560
6706
9836
3212
1336
1462
3988
2165
6071
1412
8134
9259
1613
1235
3991
9080
7820
4848
167
8354
5798
208
8545
1765
9978
2048
665
4420
4146
5351
5330
7622
5502
9468
121
9084
8706
6816
9840
1020
6530
7166
8719
87
5616
1160
4414
9266
8395
7720
6393
9494
5590
1281
9482
3703
7106
4266
8848
5333
6888
5511
3941
3271
2207
9238
7506
5508
4181
3496
5095
652
5023
4662
7331
1626
4046
9123
7083
4239
1675
5305
9413
6789
8627
1199
7394
4085
3984
2093
1345
1600
5921
2980
4544
7625
8367
4674
702
6335
2713
3043
7864
7436
2267
5403
2452
4381
656
1818
7073
452
9951
8307
8003
7604
672
6922
2651
6528
149
6475
3278
7828
7408
3087
5470
1032
2988
6544
1696
4462
9142
8890
4242
2992
2970
6288
873
5587
9523
3836
3919
437
7481
9531
5974
3829
9515
647
8013
362
3563
7385
3491
8140
9187
1028
4760
3617
1833
1374
1679
4643
7026
3344
8992
1240
7878
428
130
1439
4189
6007
803
1933
8607
7849
2872
4942
1835
7798
6730
4166
6887
6615
859
5000
346
314
5534
9203
4012
6055
7525
388
2381
997
5076
5047
4724
5457
3367
1003
2851
7972
1291
9070
4326
3005
7440
304
2993
1003
9841
5816
8921
440
478
5029
9106
6199
4364
849
2943
8773
4535
7328
6884
7377
2794
562
9259
9012
5068
2839
9000
7370
4881
9778
8539
4028
9301
1447
7386
2047
7483
7847
6330
3649
9092
9452
8073
8755
4554
917
2344
3466
7887
6966
4546
1125
8165
5840
4008
3497
8956
7018
5478
8068
8018
8860
3922
5202
7318
8636
3831
4055
1111
5577
3047
9422
8764
4145
3897
2692
6565
2924
1533
6683
3713
9761
8823
9239
566
7443
7751
786
2237
743
5217
8783
7782
6155
2043
4218
2136
3683
8537
1145
4818
9378
5985
1235
3547
7270
6207
7229
7384
4262
9552
547
3934
4709
4827
8360
2627
6919
5881
2790
1910
8079
7219
9550
7535
1230
9484
8899
4563
310
677
4253
4989
3230
8067
5224
370
6910
102
2781
8665
6570
7704
7750
3664
1459
7072
3812
1071
6064
9778
3851
2781
2368
4382
5582
7519
7226
1552
744
272
9242
6342
5273
3192
4115
2622
725
8661
6172
395
3125
7591
6603
796
8614
-38
7751
9967
300
3739
5380
7790
5182
4216
565
2283
4959
6996
-9
3730
2525
9336
8550
2871
9427
6573
3239
4269
15
7053
6025
3333
6455
3340
4077
1792
4289
9431
4751
9854
2910
2566
7938
6907
7424
2054
8181
6091
1192
7092
3726
1788
9599
6655
290
3957
6198
7713
3007
7618
3498
9729
3558
2514
5860
1607
6179
3162
612
7796
2397
397
1680
7897
4969
3981
1352
1092
3516
7234
3297
6355
1214
4199
9132
1711
6635
2034
5702
7401
6731
4681
9291
6269
1603
2857
5125
2575
4397
4062
6089
2679
4079
7689
8592
6377
2360
3010
383
7000
918
8372
3518
7472
4108
4804
3216
6334
1223
8657
5491
8817
8074
9457
5943
4437
63
1442
6616
4146
5698
2688
5549
8803
7153
5532
9521
555
869
8867
625
8917
951
1579
2729
7476
3635
4339
8599
4736
7394
5134
9228
4156
1262
4078
9993
8541
1759
2192
5403
6610
6071
3358
6956
3292
9941
8040
1213
1177
784
8464
4395
3399
4407
5229
2245
7038
7446
3363
4337
419
4610
1935
6542
2273
1178
8458
4005
7035
1010
1056
4322
1891
357
932
2903
7388
1346
2551
7145
2378
4416
3825
661
4971
4477
4689
9812
2282
2669
7715
2100
7651
8459
9817
1219
5529
8135
9578
9485
72
6654
1938
2980
6123
1216
8620
6934
2448
7364
617
8218
9558
5391
4069
9143
9575
9402
3335
6376
2317
1193
6612
451
7668
2827
3227
3332
4975
686
5267
7868
8116
9035
311
7399
8289
5556
5919
4834
9163
7215
5028
2786
9553
7396
8033
9412
3677
4371
1303
1154
6747
2645
200
8966
1662
5250
6561
455
6368
9690
6923
9962
8219
6321
5572
8339
3898
6667
4361
7812
4020
735
1195
2824
6420
6040
7327
3715
5024
7116
4242
1531
7360
1035
6161
675
7626
1091
5461
1661
557
9608
595
6650
1966
2063
1272
4207
5340
5908
7046
323
6689
5154
6411
4814
7158
3327
133
5561
4481
6524
8819
5134
2304
7959
7576
3955
9225
1267
7454
7451
4251
8662
1256
5761
1985
8515
8949
1540
4709
3188
7647
6413
4048
5884
929
6957
5260
4432
9327
4937
4636
1246
8810
7517
2709
1470
5497
8757
1094
1892
9916
5026
1746
5835
7096
4996
621
6479
6850
3129
316
2455
6347
9512
5895
6610
1486
7678
8106
3400
1665
7517
8417
8988
5594
4207
1705
8303
2621
7792
4561
1554
4148
2683
1345
1426
6595
6901
742
5978
1084
1142
4626
1379
1347
351
2464
7603
7877
2890
624
3539
6352
2424
2075
1966
9336
9008
3163
6406
4256
8853
3268
8197
8780
236
9858
4449
6488
4052
4099
8295
906
8619
917
4925
6755
359
7831
7695
3995
7418
4600
6846
482
6767
1937
5102
5882
8461
7583
5789
1422
3945
1776
6581
271
808
2976
8863
7018
4243
2330
4925
8504
5644
4930
7191
7559
492
5351
9284
5289
2379
7523
585
5085
44
6532
586
3827
7592
5402
6422
8443
8288
4967
5745
2648
6543
7104
6642
4961
5425
3839
9707
6945
45
7647
2903
6249
2413
8913
6804
6295
3670
2880
7093
6331
6450
8982
2412
3633
5844
69
1945
5534
3234
9686
8397
849
9831
2911
6404
2418
3907
479
8685
5630
5300
4449
248
6295
9289
9118
1205
9814
7580
6872
7329
195
1934
999
4572
832
1451
3175
2273
8883
7401
8295
6042
4231
1645
3767
1016
5266
5585
4064
1891
6110
251
5036
188
9366
1873
3888
859
9807
2827
6442
8131
7028
773
9146
2457
4666
2925
1800
9448
9412
6955
3950
3853
746
9365
8395
6939
148
8382
7217
5144
753
2471
6055
9934
9541
8797
6047
5254
2338
9513
2817
8960
8382
6144
5971
7081
3803
298
7411
9110
5916
265
6826
1571
9278
8977
6810
2659
8541
1444
9464
134
6999
2385
1996
6979
4267
2929
2762
4977
8777
3070
1969
1047
2867
3189
9294
6168
9207
6296
4787
9708
8535
3165
7349
6655
8539
4125
4320
3224
8294
5935
8445
8715
3471
3414
4480
1163
3121
6463
8967
6829
5395
8876
7781
1023
5337
6215
1822
8497
7584
6096
6036
132
9358
145
1225
7824
6514
6885
7900
6942
285
2283
7584
9730
7458
7364
637
1680
7265
8797
3915
628
9001
8087
6560
9823
4840
5308
2518
7197
5192
5353
2077
8059
1067
9782
5125
8400
3163
9279
4287
8200
6671
935
9241
9039
9887
7793
9507
1961
4389
3769
5868
9249
6635
2338
3498
2428
6038
9674
7504
5201
9910
7399
1518
8837
9691
4985
9520
3064
7161
5095
4289
8914
1999
3918
3645
1843
2274
8571
6915
1965
880
7870
3387
4052
4686
2579
5080
6269
6812
6591
3377
9548
4202
-8
5893
4281
6442
7673
6683
2631
2735
5623
3812
6044
5029
2314
2270
7776
7127
6703
5174
5062
853
5968
8438
5299
6951
2739
5669
2351
3935
3403
7885
9611
4834
6100
9904
736
6948
8796
2766
5123
1125
9569
9194
5970
6251
4808
6850
6200
5176
3548
9607
2200
7338
5968
8757
4265
6514
5841
2790
4965
4837
6307
7313
7535
1201
712
7008
2270
4175
4929
100
9916
1887
7741
5132
5671
4522
6181
1629
3699
44
9058
6792
2095
532
1706
3177
1510
5720
831
3441
6270
2144
7348
5408
4083
2921
4583
1495
9612
4363
6612
360
997
9811
4034
3992
5603
1223
2363
1084
846
1794
9702
5829
7290
1854
4683
3356
9393
2989
3120
4834
3073
1208
8335
8660
5514
7423
9711
1769
4345
7828
9267
8639
340
2542
7737
7950
372
2999
3524
32
4071
9994
2928
469
9891
3896
1880
8095
5868
6313
231
4434
9701
5978
1093
7880
6442
6690
8891
1244
2854
6098
1420
1934
8451
5684
5641
372
9636
9599
8551
1372
6430
3918
3038
3881
8221
6659
2430
2587
59
6905
5076
99
8164
2202
4971
6045
7213
1414
1078
7013
4143
7503
2433
5117
8127
7466
3752
9322
2696
6558
9623
2759
7494
8688
7252
3815
2957
1074
8799
8454
6978
2829
2954
4414
3752
862
14
384
9086
2895
8907
5954
3848
2487
3098
7582
5556
1149
4587
6557
209
5119
1547
8675
6973
5272
5453
9395
4198
9127
8440
8248
3813
7271
3019
1055
1595
3539
3772
9968
4422
6270
1799
9428
8288
2355
7563
5801
7441
8000
6873
7806
3869
953
9924
7533
1250
5515
4185
5962
3907
4773
4286
9033
8419
7379
5816
5876
6639
2511
6809
4651
9646
843
3078
5566
2786
3631
4125
7967
1815
5485
1243
7196
1296
604
119
8686
8513
1626
7520
2538
7690
6543
545
9371
967
8288
8233
5218
443
4924
9217
3324
6583
3623
5309
6899
7064
2025
6001
5235
3631
7667
9429
6077
254
4137
2151
5457
3362
2940
5641
6568
3571
7700
1389
2960
4675
7334
6752
7451
7990
9648
8663
2011
6866
1778
2004
7519
9480
8474
6344
7477
6949
4371
4731
7044
4471
5850
8518
2458
9072
4664
9810
525
7737
2011
9863
7076
4916
1112
7246
8867
9441
7305
332
4659
254
2580
2670
7053
5665
9684
7161
1592
5453
1079
27
2634
8306
8320
8095
8772
7774
9204
9565
8471
5595
7733
7504
329
645
4986
2295
9953
8788
7682
7026
8836
1520
4863
8847
8667
3283
5319
1650
1279
3862
-9
2404
7278
2074
3262
6653
9182
2306
5395
5726
8941
1473
1375
4691
5638
5229
5591
2115
9606
7473
8388
5519
3194
8997
7054
7090
2983
1883
1640
4816
6488
8892
3530
5749
7589
2292
3060
4993
9797
8680
3322
6900
795
9276
6492
511
898
9496
5368
7532
9753
4656
7651
3737
5748
2621
2118
3730
1066
8237
5964
3819
1903
1967
5122
921
1802
9230
5121
4801
9903
9050
1895
3550
6553
869
7755
4265
8114
924
4174
8033
751
4353
6394
581
3397
8687
339
5400
6482
3799
7188
4261
8956
3020
9576
9623
1926
208
9390
5842
8774
5024
3545
4617
4282
9943
1966
4968
1224
2369
3360
2644
4413
3669
4740
6973
7652
7357
3528
8809
3168
5697
3403
6496
7095
9018
3139
2493
8462
706
5212
4908
6724
3851
6507
4425
9455
3730
3889
6828
5294
1533
5588
578
7379
6103
1308
80
7992
1146
3003
4614
5604
7323
6370
6941
9573
5665
9412
3811
3972
9992
6361
9959
7874
2377
6677
3666
2941
1935
7941
9322
5239
4250
4532
296
4530
4065
4654
437
8341
4264
8731
2738
3306
4819
6465
5266
5154
5873
7985
287
5974
8890
6376
885
9299
6794
3340
1289
5612
1768
6652
5395
1438
3941
1892
6896
6268
7674
7293
250
2276
4704
5623
9316
2029
776
7119
8382
4472
4661
3188
6846
8100
168
3533
4987
7082
4362
571
7550
6893
707
4088
4657
1957
3791
5542
287
7446
7029
4252
2481
4082
6213
2858
2126
4494
1604
1163
5262
8157
5797
1584
6689
7075
1785
4193
8122
7394
302
8774
4782
2072
9944
4940
584
9808
1775
5308
4771
4348
9816
6462
526
2647
2064
3727
5196
6869
4060
5908
1886
5377
5043
6766
3770
6657
8799
8993
3455
4708
7699
8720
6914
9584
8757
5409
6827
1365
164
7628
5137
117
734
445
9947
618
2067
6548
191
4982
1992
1688
6235
3806
7
8283
7225
8001
1810
9865
8830
6444
8118
603
9073
3491
5256
9997
8544
8830
4735
4830
7131
4123
1974
9461
3637
1055
4473
7603
3842
8029
6167
8077
8415
619
2979
5476
4839
6428
7722
2535
5966
2841
7481
9819
6859
5363
3883
5616
3625
4546
5678
8701
5104
2348
6557
5004
2053
4205
6286
4490
6848
1665
1931
942
6093
5351
8734
4525
4921
1452
7660
3249
5167
3111
4241
6052
2234
4909
9826
7803
4119
6041
28
9796
9376
3825
8332
7356
3827
5642
5451
2067
44
517
2120
4289
7791
5581
7144
499
9464
4618
3857
6057
8274
1774
5820
6689
8562
1276
8790
7373
1835
7705
6426
7075
1263
2517
1788
3244
3041
7391
6552
5093
7225
3510
2029
637
7532
9099
8954
4910
8744
8858
2764
3321
9833
544
7029
4142
5914
3827
2927
9246
2002
7974
549
864
349
5099
7953
8004
3709
3656
693
4991
4510
139
3050
7827
5166
185
4856
8992
8798
9685
8634
2550
2978
3521
7369
9255
7516
-27
6329
1106
1100
6683
7900
2294
6292
6088
5349
1464
422
3325
8257
4686
9386
9682
2222
2215
1201
4194
6362
6214
3617
3298
4413
2444
7051
1684
5364
9691
6547
7430
9761
9966
3678
9979
6573
7467
163
4615
7227
9849
2533
574
1400
3888
1120
5371
4360
7441
546
9361
6933
7377
5852
2812
5325
4468
8031
1624
436
9572
8721
6781
898
1156
1167
3714
1057
7601
4674
4815
7747
2987
5391
319
9728
4484
2990
8624
3224
5896
1416
3868
3316
9513
5073
9149
621
2429
9888
1675
9455
4893
7047
7412
5408
9880
310
7856
7867
8455
5523
4238
6035
8390
4022
4016
5125
2405
8489
9125
2263
5718
9753
9783
5647
4057
50
9414
8540
5112
937
4519
8223
2199
926
2732
4658
9296
8069
3346
4441
5502
8966
2603
3217
3331
1795
7598
2034
5733
3026
9625
1267
7754
2142
1703
2969
1597
8649
6338
2305
8438
4898
8566
8904
6547
1004
3268
729
4857
3226
2720
5299
547
6690
9811
6361
9313
2888
2202
1887
8704
5762
8188
8622
4640
4328
3331
2893
3187
6651
2144
233
2082
9789
7379
5197
3281
3467
4175
9348
6292
308
8951
6374
9811
4003
857
537
7428
5156
8984
2326
4944
868
3800
7989
6373
1204
7496
4980
1444
9049
7462
4713
4410
6602
8122
1920
1999
2706
4885
8888
8088
3063
9948
9899
6310
5241
1259
5195
4398
8519
4626
470
5243
603
3674
9196
9495
7940
1974
5964
2182
114
9632
9609
5681
2497
7006
1901
5940
2218
939
1219
224
2669
84
2937
3133
9606
6456
228
1830
6778
8013
5839
7542
2035
925
8011
2114
3048
6288
3801
5868
2486
651
7146
9231
1072
129
6006
3203
1761
7593
4678
8555
2503
3605
8639
8297
8187
1352
4499
4815
7095
6905
9289
4406
2695
1192
6740
1823
1982
9762
-28
4940
-3
1781
9471
6136
1101
3127
8019
4112
8229
4844
7907
513
481
6810
7353
7021
5779
443
8912
7766
6725
2682
6763
6912
7329
9082
3383
9844
9281
7888
7150
4692
5873
3730
2421
9323
1988
7525
4207
1922
9
1686
6766
5102
5656
713
-3
5815
6873
8437
2959
4639
8804
2907
3642
2350
2527
2633
8824
1501
6198
7245
8495
8667
7960
1033
1204
4454
3322
8858
5528
8443
7526
2684
471
800
7152
6822
7265
4410
7096
5783
5343
1021
5717
124
6010
9851
9803
6619
4850
5016
213
6290
9162
4722
7928
6766
3858
1204
4904
8866
7365
3925
4516
2443
6921
1503
2681
874
9980
228
3943
4127
6608
1095
7093
9568
102
5773
6778
7217
9122
4073
7573
3954
1211
6148
2131
1143
8784
-57
3498
2931
3257
8065
5352
858
4337
6563
2524
8900
1702
2445
6320
5123
770
8195
1314
4438
7886
4289
4666
8266
2511
4994
1859
1289
6599
2794
3930
1761
8278
7033
1693
6159
1392
5221
4502
766
914
9853
8538
681
8949
4503
6635
1748
4052
6600
5066
4662
1546
2090
467
684
2433
2486
2573
1195
6697
8416
8592
9829
6704
935
1568
1227
4100
6634
6601
7
2959
801
1072
2096
5006
7534
4341
6060
582
1465
8332
2078
7018
5648
3280
195
964
5783
5519
5406
4084
797
7476
1142
3873
1969
6298
6974
9326
9666
3052
4156
2051
8934
8102
703
6181
-41
4877
9000
1447
5095
1423
9335
1556
1770
8560
8078
2973
4974
3898
3248
8761
9928
4343
8512
5865
6948
7212
9832
5873
1548
8811
4751
7021
5904
4349
1158
1356
2388
1303
1671
2118
4725
3741
7255
6474
6278
5794
7976
5597
4304
7290
1383
9657
7311
4819
4001
824
9602
6673
9824
9351
6761
5967
3387
3020
892
1398
427
762
6397
9338
1886
9784
8273
7139
3128
8628
4797
882
6239
2964
8040
7550
767
3136
7683
7981
5384
861
6017
8444
9656
8849
5151
3279
9248
7954
1579
420
6327
2742
9351
6557
205
9429
521
6395
2322
7090
438
9680
7711
1619
2064
9871
7853
370
5289
7295
462
3862
6489
3431
7056
7549
7327
8251
4040
9752
989
2645
2142
9479
5819
3375
1149
3994
758
7862
6620
1107
3201
344
6252
2740
6013
5647
5620
4712
814
5171
2919
